1280 720
11.600000 4.400000
162 110
4 -80
2564.624023 2563.805908 664.684021 380.992004 -0.242161 0.331902 0.000973 0.001627 -0.865083 0.000000 0.000000 0.000000 0.000000 0.000000 0.000000
2576.229004 2575.877930 628.784973 400.802002 -0.257220 0.298543 0.000739 -0.000892 -0.669365 -0.006757 0.182739 0.002395 -39.233002 0.034000 13.896000
2800.438721 2477.078857 542.259277 353.046265 -0.220209 -0.295379 -0.000011 -0.000875 4.029662 -0.007206 -0.133619 -0.003511 28.377724 0.011272 1.662601
155
2 -0.007498 24.452629
3 -0.009220 29.683603
4 -0.009219 34.082027
5 -0.009201 38.469620
6 -0.009134 42.820999
7 -0.009026 47.146612
8 -0.008762 51.350122
9 -0.008527 55.553724
10 -0.008486 59.915650
11 -0.008434 64.278705
12 -0.008349 68.602898
13 -0.008265 72.923356
14 -0.008014 77.127031
15 -0.007782 81.344860
16 -0.007745 85.712754
17 -0.007678 90.055189
18 -0.007581 94.369638
19 -0.007492 98.695718
20 -0.007311 102.929806
21 -0.007138 107.171051
22 -0.007062 111.508754
23 -0.006997 115.845781
24 -0.006896 120.147516
25 -0.006778 124.440976
26 -0.006592 128.674139
27 -0.006408 132.896035
28 -0.006341 137.223774
29 -0.006304 141.576260
30 -0.006220 145.902137
31 -0.006098 150.195148
32 -0.005919 154.414125
33 -0.005716 158.631305
34 -0.005628 162.968150
35 -0.005620 167.341598
36 -0.005542 171.651991
37 -0.005439 175.942650
38 -0.005280 180.158919
39 -0.005071 184.348077
40 -0.004978 188.656604
41 -0.004955 193.013445
42 -0.004857 197.304494
43 -0.004743 201.585659
44 -0.004558 205.798809
45 -0.004326 209.982883
46 -0.004245 214.284600
47 -0.004200 218.618917
48 -0.004128 222.920404
49 -0.003996 227.168377
50 -0.003768 231.341080
51 -0.003574 235.516964
52 -0.003522 239.844880
53 -0.003503 244.207978
54 -0.003437 248.495760
55 -0.003339 252.775691
56 -0.003110 256.957593
57 -0.002909 261.140659
58 -0.002809 265.415173
59 -0.002746 269.706601
60 -0.002683 274.005614
61 -0.002560 278.280294
62 -0.002391 282.487002
63 -0.002165 286.662988
64 -0.002072 290.945679
65 -0.002055 295.280310
66 -0.001967 299.589590
67 -0.001832 303.826863
68 -0.001655 308.037240
69 -0.001468 312.240280
70 -0.001372 316.507784
71 -0.001371 320.854377
72 -0.001250 325.101037
73 -0.001100 329.331897
74 -0.000912 333.522144
75 -0.000707 337.701106
76 -0.000572 341.938969
77 -0.000520 346.241568
78 -0.000443 350.524962
79 -0.000348 354.806356
80 -0.000201 359.039845
81 0.000009 363.219756
82 0.000096 367.508173
83 0.000173 371.810405
84 0.000254 376.088566
85 0.000397 380.309537
86 0.000588 384.504685
87 0.000770 388.702056
88 0.000838 393.013765
89 0.000855 397.362057
90 0.000956 401.616922
91 0.001081 405.860292
92 0.001274 410.048922
93 0.001482 414.227616
94 0.001613 418.480661
95 0.001662 422.802892
96 0.001711 427.118492
97 0.001841 431.359776
98 0.002047 435.539045
99 0.002252 439.723612
100 0.002355 443.992034
101 0.002392 448.307700
102 0.002453 452.602363
103 0.002576 456.859441
104 0.002792 461.042314
105 0.003014 465.222935
106 0.003135 469.484565
107 0.003182 473.799413
108 0.003293 478.069073
109 0.003437 482.300233
110 0.003592 486.516611
111 0.003788 490.711632
112 0.003935 494.967247
113 0.003998 499.287168
114 0.004120 503.562201
115 0.004262 507.812499
116 0.004417 512.032107
117 0.004619 516.231037
118 0.004697 520.529078
119 0.004752 524.848113
120 0.004874 529.112925
121 0.005008 533.360682
122 0.005209 537.568201
123 0.005388 541.780579
124 0.005451 546.095842
125 0.005502 550.432522
126 0.005600 554.718930
127 0.005721 558.991702
128 0.005913 563.194123
129 0.006105 567.394197
130 0.006195 571.692939
131 0.006273 576.004099
132 0.006355 580.316147
133 0.006476 584.587472
134 0.006643 588.814801
135 0.006806 593.048586
136 0.006931 597.320224
137 0.007011 601.633408
138 0.007079 605.962350
139 0.007217 610.228482
140 0.007424 614.421278
141 0.007576 618.665762
142 0.007672 622.978466
143 0.007751 627.307030
144 0.007840 631.615415
145 0.007959 635.900805
146 0.008127 640.138719
147 0.008286 644.384696
148 0.008400 648.677527
149 0.008475 653.010730
150 0.008532 657.359407
151 0.008672 661.630013
152 0.008888 665.834512
153 0.009094 670.059766
154 0.009197 674.380439
155 0.007972 679.446912
156 0.005692 685.000189
246
2 1 3 2 4 1
4 1 2 1 3 2
4 1 2 1 3 2
3 2 4 1 2 1
1 3 2 4 1 2
2 4 1 2 1 3
3 2 4 1 2 1
2 1 3 2 4 1
4 1 2 1 3 2
3 2 4 1 2 1
2 1 3 2 4 1
2 1 3 2 4 1
2 1 3 2 4 1
1 3 2 4 1 2
4 1 2 1 3 2
1 3 2 4 1 2
2 1 3 2 4 1
1 2 1 3 2 4
2 4 1 2 1 3
3 2 4 1 2 1
1 3 2 4 1 2
3 2 4 1 2 1
2 4 1 2 1 3
4 1 2 1 3 2
3 2 4 1 2 1
2 4 1 2 1 3
1 3 2 4 1 2
1 3 2 4 1 2
2 1 3 2 4 1
3 2 4 1 2 1
2 4 1 2 1 3
3 2 4 1 2 1
4 1 2 1 3 2
3 2 4 1 2 1
4 1 2 1 3 2
1 3 2 4 1 2
4 1 2 1 3 2
2 4 1 2 1 3
3 2 4 1 2 1
2 4 1 2 1 3
1 2 1 3 2 4
1 2 1 3 2 4
2 4 1 2 1 3
1 3 2 4 1 2
1 2 1 3 2 4
3 2 4 1 2 1
1 3 2 4 1 2
2 1 3 2 4 1
1 3 2 4 1 2
1 2 1 3 2 4
4 1 2 1 3 2
1 2 1 3 2 4
4 1 2 1 3 2
4 1 2 1 3 2
2 4 1 2 1 3
4 1 2 1 3 2
4 1 2 1 3 2
1 3 2 4 1 2
1 2 1 3 2 4
1 2 1 3 2 4
1 2 1 3 2 4
3 2 4 1 2 1
3 2 4 1 2 1
2 1 3 2 4 1
1 2 1 3 2 4
1 2 1 3 2 4
2 1 3 2 4 1
2 4 1 2 1 3
2 1 3 2 4 1
3 2 4 1 2 1
1 3 2 4 1 2
4 1 2 1 3 2
3 2 4 1 2 1
1 2 1 3 2 4
1 3 2 4 1 2
2 4 1 2 1 3
4 1 2 1 3 2
1 3 2 4 1 2
2 4 1 2 1 3
1 2 1 3 2 4
4 1 2 1 3 2
2 1 3 2 4 1
2 4 1 2 1 3
1 2 1 3 2 4
2 4 1 2 1 3
1 2 1 3 2 4
3 2 4 1 2 1
2 1 3 2 4 1
3 2 4 1 2 1
4 1 2 1 3 2
2 4 1 2 1 3
2 4 1 2 1 3
1 2 1 3 2 4
2 1 3 2 4 1
4 1 2 1 3 2
1 2 1 3 2 4
1 3 2 4 1 2
1 2 1 3 2 4
1 3 2 4 1 2
2 1 3 2 4 1
4 1 2 1 3 2
2 1 3 2 4 1
2 1 3 2 4 1
1 2 1 3 2 4
3 2 4 1 2 1
2 4 1 2 1 3
2 4 1 2 1 3
2 4 1 2 1 3
1 3 2 4 1 2
4 1 2 1 3 2
1 2 1 3 2 4
3 2 4 1 2 1
1 2 1 3 2 4
4 1 2 1 3 2
1 3 2 4 1 2
1 3 2 4 1 2
4 1 2 1 3 2
4 1 2 1 3 2
1 2 1 3 2 4
2 1 3 2 4 1
1 3 2 4 1 2
1 3 2 4 1 2
1 2 1 3 2 4
2 4 1 2 1 3
2 1 3 2 4 1
1 2 1 3 2 4
1 3 2 4 1 2
4 1 2 1 3 2
2 1 3 2 4 1
3 2 4 1 2 1
1 2 1 3 2 4
2 4 1 2 1 3
4 1 2 1 3 2
1 2 1 3 2 4
2 4 1 2 1 3
2 4 1 2 1 3
2 1 3 2 4 1
4 1 2 1 3 2
1 3 2 4 1 2
3 2 4 1 2 1
1 3 2 4 1 2
1 3 2 4 1 2
3 2 4 1 2 1
4 1 2 1 3 2
1 2 1 3 2 4
1 2 1 3 2 4
4 1 2 1 3 2
2 4 1 2 1 3
2 1 3 2 4 1
2 4 1 2 1 3
2 4 1 2 1 3
4 1 2 1 3 2
2 1 3 2 4 1
4 1 2 1 3 2
2 4 1 2 1 3
1 3 2 4 1 2
2 4 1 2 1 3
1 3 2 4 1 2
3 2 4 1 2 1
2 1 3 2 4 1
1 3 2 4 1 2
2 4 1 2 1 3
2 1 3 2 4 1
1 3 2 4 1 2
2 1 3 2 4 1
2 4 1 2 1 3
3 2 4 1 2 1
3 2 4 1 2 1
1 2 1 3 2 4
3 2 4 1 2 1
4 1 2 1 3 2
2 1 3 2 4 1
1 2 1 3 2 4
4 1 2 1 3 2
3 2 4 1 2 1
3 2 4 1 2 1
1 3 2 4 1 2
1 2 1 3 2 4
2 1 3 2 4 1
2 1 3 2 4 1
3 2 4 1 2 1
3 2 4 1 2 1
4 1 2 1 3 2
4 1 2 1 3 2
4 1 2 1 3 2
2 1 3 2 4 1
1 3 2 4 1 2
3 2 4 1 2 1
1 2 1 3 2 4
1 2 1 3 2 4
1 3 2 4 1 2
1 3 2 4 1 2
1 3 2 4 1 2
2 4 1 2 1 3
2 4 1 2 1 3
3 2 4 1 2 1
1 2 1 3 2 4
2 1 3 2 4 1
1 2 1 3 2 4
2 1 3 2 4 1
3 2 4 1 2 1
2 1 3 2 4 1
2 4 1 2 1 3
1 3 2 4 1 2
2 1 3 2 4 1
2 1 3 2 4 1
2 4 1 2 1 3
4 1 2 1 3 2
2 4 1 2 1 3
1 2 1 3 2 4
1 3 2 4 1 2
3 2 4 1 2 1
3 2 4 1 2 1
3 2 4 1 2 1
2 4 1 2 1 3
2 1 3 2 4 1
2 1 3 2 4 1
4 1 2 1 3 2
4 1 2 1 3 2
3 2 4 1 2 1
1 3 2 4 1 2
2 4 1 2 1 3
3 2 4 1 2 1
2 1 3 2 4 1
4 1 2 1 3 2
3 2 4 1 2 1
2 1 3 2 4 1
2 1 3 2 4 1
2 1 3 2 4 1
1 3 2 4 1 2
4 1 2 1 3 2
1 3 2 4 1 2
2 1 3 2 4 1
1 2 1 3 2 4
2 4 1 2 1 3
3 2 4 1 2 1
1 3 2 4 1 2
3 2 4 1 2 1
2 4 1 2 1 3
4 1 2 1 3 2
3 2 4 1 2 1
2 4 1 2 1 3
1 3 2 4 1 2
1 3 2 4 1 2
2 1 3 2 4 1
3 2 4 1 2 1

***DevID:JMS1006207***CalibrateDate:2024-10-08_11-19-12***Type:Factory-12***SoftVersion:3.0.0.1116